#DataThief /Users/bettyhu/Desktop/Screen Shot 2017-07-09 at 9.14.51 PM.png Sunday 9-Jul-2017 9:35:50 PM
1.0051, 2.9293e-7
1.0158, 2.9704e-7
1.0266, 2.9704e-7
1.0373, 3.0121e-7
1.0481, 3.0121e-7
1.0588, 3.0543e-7
1.0695, 3.0971e-7
1.0804, 3.0971e-7
1.0911, 3.1406e-7
1.1019, 3.1846e-7
1.1126, 3.1846e-7
1.1234, 3.2292e-7
1.1341, 3.2293e-7
1.1449, 3.2745e-7
1.1556, 3.3204e-7
1.1663, 3.3205e-7
1.1772, 3.367e-7
1.1879, 3.4142e-7
1.1987, 3.4142e-7
1.2094, 3.4621e-7
1.2202, 3.4621e-7
1.2309, 3.5106e-7
1.2417, 3.5599e-7
1.2525, 3.5599e-7
1.2631, 3.6098e-7
1.274, 3.6604e-7
1.2847, 3.6604e-7
1.2955, 3.7117e-7
1.3062, 3.7118e-7
1.317, 3.7638e-7
1.3277, 3.8165e-7
1.3385, 3.8166e-7
1.3493, 3.8701e-7
1.3599, 3.8701e-7
1.3708, 3.9243e-7
1.3815, 3.9794e-7
1.3923, 3.9794e-7
1.403, 4.0352e-7
1.4138, 4.0917e-7
1.4245, 4.0918e-7
1.4353, 4.1491e-7
1.4461, 4.2073e-7
1.4567, 4.2073e-7
1.4676, 4.2663e-7
1.4783, 4.3261e-7
1.4891, 4.3261e-7
1.4998, 4.3868e-7
1.5106, 4.3868e-7
1.5213, 4.4483e-7
1.5321, 4.5107e-7
1.5429, 4.5107e-7
1.5535, 4.5739e-7
1.5644, 4.5739e-7
1.5751, 4.6381e-7
1.5859, 4.7031e-7
1.5966, 4.7031e-7
1.6074, 4.769e-7
1.6181, 4.7691e-7
1.6289, 4.8359e-7
1.6397, 4.9037e-7
1.6503, 4.9038e-7
1.6612, 4.9725e-7
1.6719, 4.9725e-7
1.6827, 5.0422e-7
1.6934, 5.0423e-7
1.7042, 5.113e-7
1.7149, 5.1846e-7
1.7257, 5.1847e-7
1.7365, 5.2573e-7
1.7471, 5.2574e-7
1.758, 5.3311e-7
1.7687, 5.4058e-7
1.7795, 5.4058e-7
1.7903, 5.4816e-7
1.801, 5.4817e-7
1.8117, 5.5585e-7
1.8225, 5.5585e-7
1.8333, 5.6365e-7
1.8439, 5.6365e-7
1.8548, 5.7155e-7
1.8655, 5.7956e-7
1.8763, 5.7957e-7
1.8871, 5.8769e-7
1.8978, 5.877e-7
1.9085, 5.9594e-7
1.9193, 5.9594e-7
1.9301, 6.0429e-7
1.9407, 6.043e-7
1.9516, 6.1277e-7
1.9624, 6.1277e-7
1.9731, 6.2136e-7
1.9839, 6.2137e-7
1.9946, 6.3008e-7
2.0054, 6.3008e-7
2.0161, 6.3891e-7
2.0269, 6.3892e-7
2.0377, 6.3892e-7
2.0484, 6.4788e-7
2.0592, 6.4789e-7
2.0699, 6.5697e-7
2.0807, 6.5697e-7
2.0914, 6.6618e-7
2.1022, 6.6619e-7
2.1129, 6.7552e-7
2.1237, 6.7553e-7
2.1345, 6.7554e-7
2.1452, 6.85e-7
2.156, 6.8501e-7
2.1667, 6.9461e-7
2.1775, 6.9462e-7
2.1882, 6.9462e-7
2.199, 7.0436e-7
2.2098, 7.0436e-7
2.2205, 7.1424e-7
2.2313, 7.1424e-7
2.242, 7.1425e-7
2.2528, 7.2426e-7
2.2635, 7.2427e-7
2.2743, 7.2427e-7
2.2851, 7.3442e-7
2.2958, 7.3443e-7
2.3066, 7.4473e-7
2.3173, 7.4473e-7
2.3281, 7.4474e-7
2.3388, 7.5518e-7
2.3496, 7.5518e-7
2.3604, 7.5519e-7
2.3711, 7.6577e-7
2.3819, 7.6578e-7
2.3926, 7.6578e-7
2.4034, 7.7652e-7
2.4141, 7.7652e-7
2.4249, 7.7653e-7
2.4357, 7.8742e-7
2.4464, 7.8742e-7
2.4572, 7.8743e-7
2.4679, 7.9847e-7
2.4787, 7.9847e-7
2.4894, 7.9848e-7
2.5002, 8.0967e-7
2.511, 8.0968e-7
2.5217, 8.0968e-7
2.5325, 8.2103e-7
2.5432, 8.2104e-7
2.554, 8.2104e-7
2.5647, 8.3255e-7
2.5755, 8.3256e-7
2.5863, 8.3257e-7
2.597, 8.4424e-7
2.6078, 8.4424e-7
2.6185, 8.4425e-7
2.6293, 8.5608e-7
2.64, 8.5609e-7
2.6508, 8.561e-7
2.6616, 8.561e-7
2.6723, 8.681e-7
2.6831, 8.6811e-7
2.6938, 8.6812e-7
2.7046, 8.8029e-7
2.7153, 8.8029e-7
2.7261, 8.803e-7
2.7368, 8.9264e-7
2.7476, 8.9265e-7
2.7584, 8.9265e-7
2.7691, 8.9266e-7
2.7799, 9.0517e-7
2.7906, 9.0518e-7
2.8014, 9.0519e-7
2.8122, 9.1787e-7
2.8229, 9.1788e-7
2.8336, 9.1789e-7
2.8444, 9.3075e-7
2.8552, 9.3076e-7
2.8659, 9.3077e-7
2.8767, 9.3078e-7
2.8875, 9.4382e-7
2.8982, 9.4383e-7
2.909, 9.4384e-7
2.9197, 9.5707e-7
2.9304, 9.5707e-7
2.9412, 9.5708e-7
2.952, 9.5709e-7
2.9628, 9.7051e-7
2.9735, 9.7051e-7
2.9843, 9.7052e-7
2.995, 9.8412e-7
3.0058, 9.8413e-7
3.0165, 9.8414e-7
3.0273, 9.8415e-7
3.0381, 9.9794e-7
3.0488, 9.9795e-7
3.0596, 9.9796e-7
3.0703, 1.0119e-6
3.0811, 1.012e-6
3.0918, 1.012e-6
3.1026, 1.012e-6
3.1134, 1.0262e-6
3.1241, 1.0262e-6
3.1349, 1.0262e-6
3.1456, 1.0262e-6
3.1564, 1.0406e-6
3.1671, 1.0406e-6
3.1779, 1.0406e-6
3.1887, 1.0552e-6
3.1994, 1.0552e-6
3.2102, 1.0552e-6
3.2209, 1.0552e-6
3.2317, 1.07e-6
3.2424, 1.07e-6
3.2532, 1.07e-6
3.264, 1.07e-6
3.2747, 1.085e-6
3.2854, 1.085e-6
3.2962, 1.085e-6
3.307, 1.1002e-6
3.3178, 1.1002e-6
3.3285, 1.1002e-6
3.3393, 1.1003e-6
3.35, 1.1157e-6
3.3608, 1.1157e-6
3.3715, 1.1157e-6
3.3822, 1.1157e-6
3.3931, 1.1313e-6
3.4038, 1.1313e-6
3.4146, 1.1314e-6
3.4253, 1.1314e-6
3.4361, 1.1472e-6
3.4468, 1.1472e-6
3.4576, 1.1472e-6
3.4684, 1.1473e-6
3.4791, 1.1633e-6
3.4899, 1.1633e-6
3.5006, 1.1633e-6
3.5114, 1.1634e-6
3.5221, 1.1797e-6
3.5329, 1.1797e-6
3.5436, 1.1797e-6
3.5544, 1.1797e-6
3.5652, 1.1962e-6
3.5758, 1.1962e-6
3.5867, 1.1962e-6
3.5974, 1.1963e-6
3.6082, 1.1963e-6
3.619, 1.213e-6
3.6297, 1.213e-6
3.6404, 1.2131e-6
3.6512, 1.2131e-6
3.662, 1.2301e-6
3.6726, 1.2301e-6
3.6835, 1.2301e-6
3.6943, 1.2301e-6
3.705, 1.2301e-6
3.7158, 1.2473e-6
3.7265, 1.2474e-6
3.7372, 1.2474e-6
3.7481, 1.2474e-6
3.7588, 1.2649e-6
3.7696, 1.2649e-6
3.7803, 1.2649e-6
3.7911, 1.2649e-6
3.8018, 1.2649e-6
3.8126, 1.2826e-6
3.8234, 1.2826e-6
3.834, 1.2826e-6
3.8449, 1.2827e-6
3.8556, 1.3006e-6
3.8664, 1.3006e-6
3.8771, 1.3007e-6
3.8879, 1.3007e-6
3.8987, 1.3007e-6
3.9094, 1.3189e-6
3.9202, 1.3189e-6
3.9308, 1.3189e-6
3.9417, 1.3189e-6
3.9524, 1.3374e-6
3.9632, 1.3374e-6
3.974, 1.3374e-6
3.9847, 1.3375e-6
3.9955, 1.3562e-6
4.0062, 1.3562e-6
4.017, 1.3562e-6
4.0277, 1.3562e-6
4.0385, 1.3562e-6
4.0493, 1.3753e-6
4.06, 1.3753e-6
4.0708, 1.3753e-6
4.0815, 1.3753e-6
4.0923, 1.3753e-6
4.103, 1.3946e-6
4.1138, 1.3946e-6
4.1246, 1.3946e-6
4.1353, 1.3946e-6
4.1461, 1.3946e-6
4.1568, 1.4142e-6
4.1676, 1.4142e-6
4.1784, 1.4142e-6
4.1891, 1.4142e-6
4.1999, 1.434e-6
4.2106, 1.434e-6
4.2214, 1.434e-6
4.2321, 1.4341e-6
4.2429, 1.4341e-6
4.2537, 1.4542e-6
4.2644, 1.4542e-6
4.2752, 1.4542e-6
4.2859, 1.4542e-6
4.2967, 1.4542e-6
4.3074, 1.4746e-6
4.3182, 1.4746e-6
4.329, 1.4746e-6
4.3397, 1.4746e-6
4.3505, 1.4746e-6
4.3612, 1.4747e-6
4.3719, 1.4953e-6
4.3827, 1.4953e-6
4.3935, 1.4953e-6
4.4043, 1.4954e-6
4.415, 1.4954e-6
4.4258, 1.5163e-6
4.4365, 1.5163e-6
4.4473, 1.5164e-6
4.4581, 1.5164e-6
4.4687, 1.5164e-6
4.4796, 1.5164e-6
4.4903, 1.5376e-6
4.5011, 1.5377e-6
4.5118, 1.5377e-6
4.5226, 1.5377e-6
4.5333, 1.5377e-6
4.5441, 1.5592e-6
4.5549, 1.5593e-6
4.5655, 1.5593e-6
4.5764, 1.5593e-6
4.5871, 1.5593e-6
4.5979, 1.5593e-6
4.6087, 1.5812e-6
4.6194, 1.5812e-6
4.6301, 1.5812e-6
4.6409, 1.5812e-6
4.6517, 1.5812e-6
4.6623, 1.6034e-6
4.6732, 1.6034e-6
4.684, 1.6034e-6
4.6947, 1.6034e-6
4.7055, 1.6034e-6
4.7162, 1.6259e-6
4.7269, 1.6259e-6
4.7378, 1.6259e-6
4.7485, 1.6259e-6
4.7593, 1.6259e-6
4.77, 1.626e-6
4.7808, 1.6487e-6
4.7915, 1.6488e-6
4.8023, 1.6488e-6
4.8131, 1.6488e-6
4.8237, 1.6488e-6
4.8346, 1.6488e-6
4.8453, 1.6719e-6
4.8561, 1.6719e-6
4.8668, 1.6719e-6
4.8776, 1.672e-6
4.8883, 1.672e-6
4.8991, 1.672e-6
4.9099, 1.6954e-6
4.9205, 1.6954e-6
4.9314, 1.6954e-6
4.9422, 1.6955e-6
4.9529, 1.6955e-6
4.9637, 1.7192e-6
4.9744, 1.7193e-6
4.9851, 1.7193e-6
4.9959, 1.7193e-6
5.0067, 1.7193e-6
5.0175, 1.7193e-6
5.0282, 1.7434e-6
5.039, 1.7434e-6
5.0497, 1.7434e-6
5.0605, 1.7434e-6
5.0712, 1.7435e-6
5.082, 1.7435e-6
5.0928, 1.7679e-6
5.1035, 1.7679e-6
5.1143, 1.7679e-6
5.125, 1.7679e-6
5.1358, 1.768e-6
5.1466, 1.768e-6
5.1573, 1.7928e-6
5.1681, 1.7928e-6
5.1788, 1.7928e-6
5.1896, 1.7928e-6
5.2003, 1.7928e-6
5.2111, 1.8179e-6
5.2219, 1.818e-6
5.2326, 1.818e-6
5.2434, 1.818e-6
5.2541, 1.818e-6
5.2649, 1.818e-6
5.2756, 1.8435e-6
5.2864, 1.8435e-6
5.2972, 1.8435e-6
5.3079, 1.8435e-6
5.3187, 1.8436e-6
5.3294, 1.8436e-6
5.3402, 1.8436e-6
5.3509, 1.8694e-6
5.3617, 1.8694e-6
5.3725, 1.8694e-6
5.3832, 1.8695e-6
5.394, 1.8695e-6
5.4047, 1.8695e-6
5.4155, 1.8957e-6
5.4263, 1.8957e-6
5.437, 1.8957e-6
5.4478, 1.8957e-6
5.4585, 1.8958e-6
5.4693, 1.8958e-6
5.48, 1.9223e-6
5.4908, 1.9224e-6
5.5016, 1.9224e-6
5.5123, 1.9224e-6
5.5231, 1.9224e-6
5.5338, 1.9224e-6
5.5446, 1.9224e-6
5.5553, 1.9494e-6
5.5661, 1.9494e-6
5.5769, 1.9494e-6
5.5876, 1.9494e-6
5.5984, 1.9494e-6
5.6091, 1.9495e-6
5.6199, 1.9768e-6
5.6307, 1.9768e-6
5.6414, 1.9768e-6
5.6522, 1.9768e-6
5.6629, 1.9768e-6
5.6737, 1.9769e-6
5.6844, 1.9769e-6
5.6952, 2.0046e-6
5.706, 2.0046e-6
5.7167, 2.0046e-6
5.7275, 2.0046e-6
5.7382, 2.0046e-6
5.749, 2.0047e-6
5.7597, 2.0328e-6
5.7705, 2.0328e-6
5.7812, 2.0328e-6
5.792, 2.0328e-6
5.8028, 2.0328e-6
5.8135, 2.0328e-6
5.8243, 2.0328e-6
5.8351, 2.0329e-6
5.8458, 2.0614e-6
5.8566, 2.0614e-6
5.8673, 2.0614e-6
5.878, 2.0614e-6
5.8888, 2.0614e-6
5.8996, 2.0614e-6
5.9104, 2.0614e-6
5.9211, 2.0615e-6
5.9319, 2.0904e-6
5.9426, 2.0904e-6
5.9534, 2.0904e-6
5.9641, 2.0904e-6
5.9748, 2.0904e-6
5.9857, 2.0904e-6
5.9964, 2.0905e-6
6.0072, 2.1198e-6
