#DataThief /Users/bettyhu/Desktop/Screen Shot 2017-07-07 at 12.30.07 PM.png Sunday 9-Jul-2017 7:54:41 PM
1.9981, 1.5603e-6
2.0051, 1.5603e-6
2.0121, 1.5603e-6
2.019, 1.577e-6
2.026, 1.577e-6
2.0329, 1.5939e-6
2.0399, 1.5939e-6
2.0468, 1.6109e-6
2.0538, 1.6109e-6
2.0607, 1.6282e-6
2.0677, 1.6282e-6
2.0747, 1.6456e-6
2.0816, 1.6456e-6
2.0886, 1.6456e-6
2.0955, 1.6632e-6
2.1025, 1.6632e-6
2.1094, 1.681e-6
2.1164, 1.681e-6
2.1233, 1.699e-6
2.1303, 1.699e-6
2.1373, 1.7172e-6
2.1442, 1.7171e-6
2.1512, 1.7171e-6
2.1581, 1.7355e-6
2.1651, 1.7355e-6
2.172, 1.7541e-6
2.179, 1.7541e-6
2.1859, 1.7729e-6
2.1929, 1.7729e-6
2.1999, 1.7728e-6
2.2068, 1.7918e-6
2.2138, 1.7918e-6
2.2207, 1.811e-6
2.2277, 1.811e-6
2.2346, 1.811e-6
2.2416, 1.8304e-6
2.2485, 1.8304e-6
2.2555, 1.8499e-6
2.2625, 1.8499e-6
2.2694, 1.8697e-6
2.2764, 1.8697e-6
2.2833, 1.8697e-6
2.2903, 1.8897e-6
2.2972, 1.8897e-6
2.3042, 1.91e-6
2.3111, 1.9099e-6
2.3181, 1.9099e-6
2.3251, 1.9304e-6
2.332, 1.9304e-6
2.339, 1.951e-6
2.3458, 1.951e-6
2.3529, 1.951e-6
2.3598, 1.9719e-6
2.3668, 1.9719e-6
2.3737, 1.993e-6
2.3807, 1.993e-6
2.3877, 1.993e-6
2.3946, 2.0143e-6
2.4016, 2.0143e-6
2.4085, 2.0143e-6
2.4155, 2.0359e-6
2.4224, 2.0358e-6
2.4294, 2.0576e-6
2.4363, 2.0576e-6
2.4433, 2.0797e-6
2.4503, 2.0797e-6
2.4572, 2.0796e-6
2.4642, 2.1019e-6
2.4711, 2.1019e-6
2.4781, 2.1019e-6
2.4849, 2.1244e-6
2.492, 2.1244e-6
2.4989, 2.1244e-6
2.5059, 2.1471e-6
2.5129, 2.1471e-6
2.5198, 2.1701e-6
2.5268, 2.1701e-6
2.5337, 2.1701e-6
2.5407, 2.1933e-6
2.5476, 2.1933e-6
2.5546, 2.2168e-6
2.5615, 2.2167e-6
2.5685, 2.2167e-6
2.5754, 2.2405e-6
2.5824, 2.2404e-6
2.5894, 2.2404e-6
2.5963, 2.2644e-6
2.6033, 2.2644e-6
2.6101, 2.2644e-6
2.6172, 2.2886e-6
2.624, 2.2886e-6
2.6311, 2.3131e-6
2.638, 2.3131e-6
2.645, 2.3131e-6
2.652, 2.3379e-6
2.6589, 2.3378e-6
2.6659, 2.3378e-6
2.6728, 2.3629e-6
2.6798, 2.3629e-6
2.6867, 2.3628e-6
2.6937, 2.3881e-6
2.7006, 2.3881e-6
2.7076, 2.3881e-6
2.7146, 2.4137e-6
2.7215, 2.4137e-6
2.7285, 2.4136e-6
2.7354, 2.4395e-6
2.7424, 2.4395e-6
2.7492, 2.4395e-6
2.7563, 2.4656e-6
2.7633, 2.4656e-6
2.7702, 2.492e-6
2.7772, 2.4919e-6
2.7841, 2.4919e-6
2.7911, 2.5186e-6
2.798, 2.5186e-6
2.805, 2.5186e-6
2.8119, 2.5455e-6
2.8189, 2.5455e-6
2.8258, 2.5455e-6
2.8328, 2.5728e-6
2.8397, 2.5727e-6
2.8467, 2.5727e-6
2.8537, 2.6003e-6
2.8606, 2.6003e-6
2.8676, 2.6002e-6
2.8745, 2.6281e-6
2.8815, 2.6281e-6
2.8883, 2.6562e-6
2.8954, 2.6562e-6
2.9024, 2.6562e-6
2.9093, 2.6846e-6
2.9163, 2.6846e-6
2.9232, 2.6846e-6
2.9302, 2.7133e-6
2.9371, 2.7133e-6
2.9441, 2.7424e-6
2.951, 2.7423e-6
2.958, 2.7423e-6
2.9649, 2.7717e-6
2.9719, 2.7717e-6
2.9788, 2.7717e-6
2.9858, 2.8013e-6
2.9928, 2.8013e-6
2.9997, 2.8013e-6
3.0067, 2.8313e-6
3.0137, 2.8313e-6
3.0206, 2.8312e-6
3.0276, 2.8616e-6
3.0345, 2.8615e-6
3.0415, 2.8615e-6
3.0484, 2.8615e-6
3.0554, 2.8921e-6
3.0623, 2.8921e-6
3.0693, 2.9231e-6
3.0763, 2.9231e-6
3.0832, 2.9231e-6
3.0902, 2.9544e-6
3.0971, 2.9543e-6
3.1041, 2.9543e-6
3.111, 2.9859e-6
3.1179, 2.9859e-6
3.1249, 2.9859e-6
3.1319, 2.9859e-6
3.1389, 3.0179e-6
3.1458, 3.0178e-6
3.1528, 3.0178e-6
3.1597, 3.0501e-6
3.1667, 3.0501e-6
3.1736, 3.0501e-6
3.1806, 3.0828e-6
3.1875, 3.0827e-6
3.1945, 3.0827e-6
3.2015, 3.0827e-6
3.2084, 3.1157e-6
3.2154, 3.1157e-6
3.2223, 3.1157e-6
3.2293, 3.149e-6
3.2362, 3.149e-6
3.2432, 3.149e-6
3.2501, 3.149e-6
3.257, 3.1827e-6
3.2641, 3.1827e-6
3.271, 3.1826e-6
3.278, 3.2167e-6
3.2849, 3.2167e-6
3.2919, 3.2167e-6
3.2988, 3.2511e-6
3.3058, 3.2511e-6
3.3127, 3.2511e-6
3.3197, 3.2859e-6
3.3267, 3.2859e-6
3.3336, 3.2858e-6
3.3406, 3.321e-6
3.3475, 3.321e-6
3.3545, 3.321e-6
3.3614, 3.3565e-6
3.3684, 3.3565e-6
3.3753, 3.3565e-6
3.3822, 3.3565e-6
3.3893, 3.3924e-6
3.3961, 3.3924e-6
3.4032, 3.3924e-6
3.4101, 3.4287e-6
3.4171, 3.4287e-6
3.424, 3.4287e-6
3.431, 3.4654e-6
3.4379, 3.4653e-6
3.4449, 3.4653e-6
3.4519, 3.5024e-6
3.4588, 3.5024e-6
3.4658, 3.5024e-6
3.4727, 3.5399e-6
3.4797, 3.5399e-6
3.4866, 3.5398e-6
3.4936, 3.5398e-6
3.5005, 3.5777e-6
3.5074, 3.5777e-6
3.5145, 3.5777e-6
3.5213, 3.616e-6
3.5284, 3.616e-6
3.5352, 3.6159e-6
3.5423, 3.6546e-6
3.5492, 3.6546e-6
3.5562, 3.6546e-6
3.5632, 3.6546e-6
3.5701, 3.6937e-6
3.5771, 3.6937e-6
3.584, 3.6937e-6
3.591, 3.7332e-6
3.5979, 3.7332e-6
3.6049, 3.7332e-6
3.6118, 3.7731e-6
3.6188, 3.7731e-6
3.6258, 3.7731e-6
3.6327, 3.7731e-6
3.6397, 3.8135e-6
3.6465, 3.8134e-6
3.6536, 3.8134e-6
3.6604, 3.8542e-6
3.6675, 3.8542e-6
3.6743, 3.8542e-6
3.6814, 3.8542e-6
3.6884, 3.8954e-6
3.6953, 3.8954e-6
3.7023, 3.8954e-6
3.7092, 3.9371e-6
3.7162, 3.9371e-6
3.7231, 3.937e-6
3.7301, 3.937e-6
3.737, 3.9792e-6
3.744, 3.9791e-6
3.751, 3.9791e-6
3.7579, 4.0217e-6
3.7649, 4.0217e-6
3.7718, 4.0217e-6
3.7788, 4.0217e-6
3.7856, 4.0647e-6
3.7927, 4.0647e-6
3.7995, 4.0647e-6
3.8066, 4.1082e-6
3.8136, 4.1082e-6
3.8205, 4.1081e-6
3.8275, 4.1081e-6
3.8344, 4.1521e-6
3.8414, 4.1521e-6
3.8483, 4.1965e-6
3.8553, 4.1965e-6
3.8622, 4.1965e-6
3.8692, 4.1964e-6
3.8761, 4.2414e-6
3.8831, 4.2413e-6
3.8901, 4.2413e-6
3.897, 4.2867e-6
3.904, 4.2867e-6
3.9109, 4.2867e-6
3.9179, 4.2867e-6
3.9247, 4.3325e-6
3.9318, 4.3325e-6
3.9388, 4.3325e-6
3.9457, 4.3789e-6
3.9527, 4.3789e-6
3.9596, 4.3788e-6
3.9666, 4.3788e-6
3.9735, 4.4257e-6
3.9805, 4.4257e-6
3.9875, 4.4256e-6
3.9944, 4.4256e-6
4.0014, 4.473e-6
4.0083, 4.473e-6
4.0153, 4.4729e-6
4.0222, 4.5208e-6
4.0292, 4.5208e-6
4.0361, 4.5208e-6
4.0431, 4.5692e-6
4.0501, 4.5691e-6
4.057, 4.5691e-6
4.064, 4.5691e-6
4.0709, 4.618e-6
4.0779, 4.618e-6
4.0848, 4.6179e-6
4.0918, 4.6179e-6
4.0987, 4.6674e-6
4.1057, 4.6673e-6
4.1127, 4.6673e-6
4.1196, 4.6673e-6
4.1266, 4.7172e-6
4.1335, 4.7172e-6
4.1405, 4.7172e-6
4.1474, 4.7677e-6
4.1544, 4.7677e-6
4.1613, 4.7676e-6
4.1683, 4.7676e-6
4.1753, 4.8186e-6
4.1822, 4.8186e-6
4.1892, 4.8186e-6
4.1961, 4.8186e-6
4.2031, 4.8185e-6
4.21, 4.8701e-6
4.217, 4.8701e-6
4.2239, 4.8701e-6
4.2309, 4.87e-6
4.2379, 4.87e-6
4.2448, 4.9221e-6
4.2518, 4.9221e-6
4.2587, 4.9221e-6
4.2657, 4.9748e-6
4.2726, 4.9747e-6
4.2796, 4.9747e-6
4.2866, 4.9747e-6
4.2934, 5.0279e-6
4.3005, 5.0279e-6
4.3074, 5.0279e-6
4.3144, 5.0279e-6
4.3213, 5.0278e-6
4.3283, 5.0817e-6
4.3352, 5.0816e-6
4.3422, 5.0816e-6
4.3492, 5.136e-6
4.3561, 5.136e-6
4.3631, 5.1359e-6
4.37, 5.1359e-6
4.377, 5.1909e-6
4.3839, 5.1909e-6
4.3909, 5.1908e-6
4.3978, 5.1908e-6
4.4048, 5.2464e-6
4.4118, 5.2463e-6
4.4187, 5.2463e-6
4.4257, 5.2463e-6
4.4325, 5.3024e-6
4.4396, 5.3024e-6
4.4465, 5.3024e-6
4.4535, 5.3592e-6
4.4604, 5.3591e-6
4.4674, 5.3591e-6
4.4744, 5.3591e-6
4.4813, 5.359e-6
4.4883, 5.4164e-6
4.4952, 5.4164e-6
4.5022, 5.4163e-6
4.5091, 5.4163e-6
4.5161, 5.4743e-6
4.5231, 5.4743e-6
4.53, 5.4742e-6
4.537, 5.5328e-6
4.5439, 5.5328e-6
4.5509, 5.5328e-6
4.5577, 5.5327e-6
4.5648, 5.5327e-6
4.5716, 5.5919e-6
4.5787, 5.5919e-6
4.5857, 5.5919e-6
4.5926, 5.6517e-6
4.5996, 5.6517e-6
4.6065, 5.6517e-6
4.6135, 5.6516e-6
4.6204, 5.6516e-6
4.6274, 5.7121e-6
4.6343, 5.7121e-6
4.6413, 5.712e-6
4.6482, 5.712e-6
4.6552, 5.7732e-6
4.6622, 5.7731e-6
4.6691, 5.7731e-6
4.6761, 5.773e-6
4.683, 5.773e-6
4.69, 5.8348e-6
4.6968, 5.8348e-6
4.7039, 5.8348e-6
4.7109, 5.8347e-6
4.7178, 5.8347e-6
4.7248, 5.8972e-6
4.7317, 5.8971e-6
4.7387, 5.8971e-6
4.7456, 5.9602e-6
4.7526, 5.9602e-6
4.7596, 5.9601e-6
4.7665, 5.9601e-6
4.7734, 6.0239e-6
4.7804, 6.0239e-6
4.7873, 6.0238e-6
4.7943, 6.0238e-6
4.8013, 6.0883e-6
4.8082, 6.0883e-6
4.8152, 6.1535e-6
4.8222, 6.1534e-6
4.8291, 6.1534e-6
4.8361, 6.1533e-6
4.843, 6.2192e-6
4.85, 6.2192e-6
4.8569, 6.2191e-6
4.8639, 6.2191e-6
4.8708, 6.2857e-6
4.8778, 6.2857e-6
4.8848, 6.2856e-6
4.8917, 6.2856e-6
4.8987, 6.3529e-6
4.9056, 6.3528e-6
4.9125, 6.3528e-6
4.9195, 6.4208e-6
4.9264, 6.4208e-6
4.9334, 6.4207e-6
4.9404, 6.4895e-6
4.9474, 6.4894e-6
4.9543, 6.4894e-6
4.9613, 6.4894e-6
4.9682, 6.5588e-6
4.9752, 6.5588e-6
4.9821, 6.5588e-6
4.9891, 6.5587e-6
4.996, 6.6289e-6
