#DataThief /Users/bettyhu/Desktop/Screen Shot 2017-07-09 at 9.37.16 PM.png Sunday 9-Jul-2017 10:55:27 PM
0.9905, 5.4114e-7
0.9969, 5.4114e-7
1.0036, 5.4114e-7
1.0101, 5.4888e-7
1.0166, 5.4888e-7
1.0231, 5.5673e-7
1.0296, 5.647e-7
1.0362, 5.7278e-7
1.0427, 5.8098e-7
1.0492, 5.8098e-7
1.0557, 5.8929e-7
1.0622, 5.9773e-7
1.0688, 6.0628e-7
1.0753, 6.0628e-7
1.0818, 6.1495e-7
1.0883, 6.2376e-7
1.0948, 6.2375e-7
1.1014, 6.3268e-7
1.1078, 6.4173e-7
1.1144, 6.4173e-7
1.1209, 6.5091e-7
1.1274, 6.6023e-7
1.134, 6.6022e-7
1.1405, 6.6967e-7
1.147, 6.7926e-7
1.1535, 6.7925e-7
1.16, 6.8898e-7
1.1666, 6.9884e-7
1.1731, 6.9883e-7
1.1796, 7.0883e-7
1.1861, 7.1898e-7
1.1926, 7.1897e-7
1.1992, 7.2926e-7
1.2057, 7.2926e-7
1.2122, 7.397e-7
1.2187, 7.5028e-7
1.2252, 7.5028e-7
1.2318, 7.6102e-7
1.2383, 7.6101e-7
1.2448, 7.719e-7
1.2513, 7.719e-7
1.2578, 7.8294e-7
1.2644, 7.8294e-7
1.2709, 7.9414e-7
1.2774, 7.9414e-7
1.2839, 8.055e-7
1.2904, 8.1703e-7
1.2969, 8.1703e-7
1.3035, 8.2872e-7
1.31, 8.2871e-7
1.3165, 8.4058e-7
1.323, 8.4057e-7
1.3295, 8.526e-7
1.3361, 8.5259e-7
1.3426, 8.648e-7
1.3491, 8.6479e-7
1.3556, 8.7717e-7
1.362, 8.7716e-7
1.3687, 8.8971e-7
1.3752, 8.8971e-7
1.3817, 9.0244e-7
1.3881, 9.0243e-7
1.3947, 9.1535e-7
1.4013, 9.1534e-7
1.4078, 9.2845e-7
1.4143, 9.2844e-7
1.4208, 9.4173e-7
1.4273, 9.4172e-7
1.4339, 9.552e-7
1.4404, 9.5519e-7
1.4469, 9.6886e-7
1.4534, 9.6885e-7
1.4599, 9.6885e-7
1.4665, 9.8271e-7
1.4729, 9.8271e-7
1.4795, 9.9677e-7
1.486, 9.9676e-7
1.4925, 1.011e-6
1.499, 1.011e-6
1.5056, 1.0255e-6
1.5121, 1.0255e-6
1.5186, 1.0402e-6
1.5251, 1.0402e-6
1.5316, 1.0401e-6
1.5382, 1.055e-6
1.5447, 1.055e-6
1.5512, 1.0701e-6
1.5577, 1.0701e-6
1.5642, 1.0854e-6
1.5708, 1.0854e-6
1.5773, 1.0854e-6
1.5838, 1.101e-6
1.5903, 1.1009e-6
1.5968, 1.1167e-6
1.6034, 1.1167e-6
1.6099, 1.1327e-6
1.6164, 1.1327e-6
1.6229, 1.1327e-6
1.6294, 1.1489e-6
1.636, 1.1489e-6
1.6425, 1.1653e-6
1.649, 1.1653e-6
1.6555, 1.182e-6
1.662, 1.182e-6
1.6686, 1.182e-6
1.6751, 1.1989e-6
1.6816, 1.1989e-6
1.6881, 1.216e-6
1.6945, 1.216e-6
1.701, 1.216e-6
1.7077, 1.2334e-6
1.7142, 1.2334e-6
1.7207, 1.2334e-6
1.7271, 1.251e-6
1.7337, 1.251e-6
1.7403, 1.2689e-6
1.7468, 1.2689e-6
1.7532, 1.2689e-6
1.7598, 1.2871e-6
1.7663, 1.2871e-6
1.7729, 1.3055e-6
1.7793, 1.3055e-6
1.7859, 1.3055e-6
1.7924, 1.3242e-6
1.7989, 1.3241e-6
1.8054, 1.3241e-6
1.812, 1.3431e-6
1.8185, 1.3431e-6
1.825, 1.3623e-6
1.8315, 1.3623e-6
1.838, 1.3623e-6
1.8446, 1.3818e-6
1.8511, 1.3818e-6
1.8576, 1.3818e-6
1.8641, 1.4015e-6
1.8706, 1.4015e-6
1.8772, 1.4216e-6
1.8837, 1.4216e-6
1.8902, 1.4216e-6
1.8967, 1.4419e-6
1.9032, 1.4419e-6
1.9098, 1.4419e-6
1.9163, 1.4625e-6
1.9228, 1.4625e-6
1.9293, 1.4625e-6
1.9358, 1.4834e-6
1.9424, 1.4834e-6
1.9489, 1.4834e-6
1.9554, 1.5046e-6
1.9619, 1.5046e-6
1.9684, 1.5046e-6
1.975, 1.5261e-6
1.9815, 1.5261e-6
1.988, 1.5261e-6
1.9945, 1.548e-6
2.001, 1.548e-6
2.0075, 1.5479e-6
2.0141, 1.5701e-6
2.0206, 1.5701e-6
2.0271, 1.5701e-6
2.0336, 1.5701e-6
2.0401, 1.5925e-6
2.0467, 1.5925e-6
2.0532, 1.5925e-6
2.0597, 1.6153e-6
2.0662, 1.6153e-6
2.0727, 1.6153e-6
2.0793, 1.6384e-6
2.0858, 1.6384e-6
2.0923, 1.6384e-6
2.0988, 1.6618e-6
2.1053, 1.6618e-6
2.1118, 1.6618e-6
2.1184, 1.6856e-6
2.1249, 1.6856e-6
2.1314, 1.6856e-6
2.1379, 1.7097e-6
2.1444, 1.7097e-6
2.151, 1.7097e-6
2.1575, 1.7341e-6
2.164, 1.7341e-6
2.1705, 1.7341e-6
2.177, 1.7341e-6
2.1836, 1.7589e-6
2.1901, 1.7589e-6
2.1966, 1.7589e-6
2.2031, 1.7841e-6
2.2096, 1.784e-6
2.2162, 1.784e-6
2.2227, 1.8096e-6
2.2292, 1.8095e-6
2.2357, 1.8095e-6
2.2422, 1.8095e-6
2.2487, 1.8354e-6
2.2553, 1.8354e-6
2.2618, 1.8354e-6
2.2683, 1.8617e-6
2.2748, 1.8616e-6
2.2812, 1.8616e-6
2.2879, 1.8616e-6
2.2944, 1.8883e-6
2.3009, 1.8882e-6
2.3074, 1.8882e-6
2.3139, 1.9153e-6
2.3205, 1.9152e-6
2.327, 1.9152e-6
2.3335, 1.9152e-6
2.34, 1.9426e-6
2.3465, 1.9426e-6
2.3531, 1.9426e-6
2.3596, 1.9704e-6
2.366, 1.9704e-6
2.3726, 1.9704e-6
2.3791, 1.9703e-6
2.3856, 1.9985e-6
2.3921, 1.9985e-6
2.3987, 1.9985e-6
2.4052, 2.0271e-6
2.4117, 2.0271e-6
2.4182, 2.0271e-6
2.4248, 2.0271e-6
2.4313, 2.0561e-6
2.4378, 2.0561e-6
2.4443, 2.0561e-6
2.4508, 2.056e-6
2.4574, 2.0855e-6
2.4639, 2.0855e-6
2.4704, 2.0854e-6
2.4769, 2.0854e-6
2.4834, 2.1153e-6
2.4899, 2.1153e-6
2.4965, 2.1152e-6
2.503, 2.1152e-6
2.5095, 2.1455e-6
2.516, 2.1455e-6
2.5225, 2.1455e-6
2.5291, 2.1454e-6
2.5356, 2.1762e-6
2.5421, 2.1761e-6
2.5486, 2.1761e-6
2.5551, 2.1761e-6
2.5617, 2.2072e-6
2.5682, 2.2072e-6
2.5747, 2.2072e-6
2.5812, 2.2072e-6
2.5877, 2.2388e-6
2.5941, 2.2388e-6
2.6008, 2.2388e-6
2.6073, 2.2387e-6
2.6138, 2.2708e-6
2.6202, 2.2708e-6
2.6268, 2.2707e-6
2.6334, 2.2707e-6
2.6399, 2.3032e-6
2.6463, 2.3032e-6
2.6529, 2.3032e-6
2.6594, 2.3032e-6
2.666, 2.3361e-6
2.6724, 2.3361e-6
2.679, 2.3361e-6
2.6855, 2.3361e-6
2.692, 2.3695e-6
2.6985, 2.3695e-6
2.705, 2.3695e-6
2.7116, 2.3695e-6
2.7181, 2.4034e-6
2.7246, 2.4034e-6
2.7311, 2.4033e-6
2.7377, 2.4033e-6
2.7442, 2.4377e-6
2.7507, 2.4377e-6
2.7572, 2.4377e-6
2.7637, 2.4377e-6
2.7703, 2.4726e-6
2.7768, 2.4725e-6
2.7833, 2.4725e-6
2.7898, 2.5079e-6
2.7963, 2.5079e-6
2.8029, 2.5079e-6
2.8094, 2.5078e-6
2.8159, 2.5078e-6
2.8224, 2.5437e-6
2.8289, 2.5437e-6
2.8354, 2.5437e-6
2.842, 2.5801e-6
2.8485, 2.5801e-6
2.855, 2.58e-6
2.8615, 2.58e-6
2.8679, 2.617e-6
2.8746, 2.6169e-6
2.8811, 2.6169e-6
2.8876, 2.6544e-6
2.8941, 2.6543e-6
2.9005, 2.6543e-6
2.9072, 2.6923e-6
2.9137, 2.6923e-6
2.9202, 2.6923e-6
2.9266, 2.7308e-6
2.9332, 2.7308e-6
2.9397, 2.7308e-6
2.9463, 2.7307e-6
2.9527, 2.7307e-6
2.9593, 2.7698e-6
2.9658, 2.7698e-6
2.9723, 2.7698e-6
2.9788, 2.7697e-6
2.9854, 2.7697e-6
2.9919, 2.8094e-6
2.9984, 2.8093e-6
3.0049, 2.8093e-6
3.0115, 2.8093e-6
3.018, 2.8093e-6
3.0245, 2.8093e-6
3.031, 2.8495e-6
3.0375, 2.8494e-6
3.044, 2.8494e-6
3.0506, 2.8494e-6
3.0571, 2.8494e-6
3.0636, 2.8902e-6
3.0701, 2.8901e-6
3.0766, 2.8901e-6
3.0832, 2.8901e-6
3.0897, 2.8901e-6
3.0962, 2.9314e-6
3.1027, 2.9314e-6
3.1092, 2.9314e-6
3.1158, 2.9314e-6
3.1223, 2.9733e-6
3.1288, 2.9733e-6
3.1353, 2.9733e-6
3.1418, 2.9733e-6
3.1482, 2.9732e-6
3.1549, 3.0158e-6
3.1614, 3.0158e-6
3.1679, 3.0157e-6
3.1743, 3.0157e-6
3.1809, 3.0589e-6
3.1875, 3.0589e-6
3.194, 3.0588e-6
3.2005, 3.0588e-6
3.207, 3.1026e-6
3.2135, 3.1026e-6
3.2201, 3.1025e-6
3.2266, 3.1025e-6
3.2331, 3.1025e-6
3.2396, 3.1025e-6
3.2461, 3.1469e-6
3.2526, 3.1468e-6
3.2591, 3.1468e-6
3.2657, 3.1468e-6
3.2722, 3.1918e-6
3.2787, 3.1918e-6
3.2852, 3.1918e-6
3.2918, 3.1918e-6
3.2983, 3.1917e-6
3.3048, 3.2374e-6
3.3113, 3.2374e-6
3.3178, 3.2374e-6
3.3244, 3.2373e-6
3.3309, 3.2837e-6
3.3374, 3.2837e-6
3.3439, 3.2836e-6
3.3504, 3.2836e-6
3.3569, 3.3306e-6
3.3635, 3.3306e-6
3.37, 3.3306e-6
3.3765, 3.3305e-6
3.383, 3.3305e-6
3.3895, 3.3782e-6
3.3961, 3.3781e-6
3.4026, 3.3781e-6
3.4091, 3.3781e-6
3.4156, 3.3781e-6
3.4221, 3.4264e-6
3.4287, 3.4264e-6
3.4352, 3.4264e-6
3.4417, 3.4263e-6
3.4482, 3.4754e-6
3.4546, 3.4753e-6
3.4612, 3.4753e-6
3.4678, 3.4753e-6
3.4743, 3.4753e-6
3.4808, 3.525e-6
3.4873, 3.525e-6
3.4938, 3.525e-6
3.5004, 3.5249e-6
3.5069, 3.5754e-6
3.5133, 3.5754e-6
3.5199, 3.5753e-6
3.5264, 3.5753e-6
3.533, 3.5753e-6
3.5394, 3.6264e-6
3.546, 3.6264e-6
3.5525, 3.6264e-6
3.559, 3.6264e-6
3.5655, 3.6263e-6
3.5721, 3.6782e-6
3.5786, 3.6782e-6
3.5851, 3.6782e-6
3.5916, 3.6781e-6
3.5981, 3.6781e-6
3.6047, 3.7308e-6
3.6112, 3.7307e-6
3.6177, 3.7307e-6
3.6242, 3.7307e-6
3.6307, 3.7306e-6
3.6373, 3.784e-6
3.6438, 3.784e-6
3.6503, 3.784e-6
3.6568, 3.784e-6
3.6633, 3.7839e-6
3.6698, 3.8381e-6
3.6764, 3.8381e-6
3.6829, 3.838e-6
3.6894, 3.838e-6
3.6959, 3.838e-6
3.7024, 3.8929e-6
3.709, 3.8929e-6
3.7155, 3.8928e-6
3.722, 3.8928e-6
3.7285, 3.8928e-6
3.7349, 3.9485e-6
3.7416, 3.9485e-6
3.7481, 3.9484e-6
3.7546, 3.9484e-6
3.761, 3.9484e-6
3.7675, 4.0049e-6
3.7741, 4.0049e-6
3.7807, 4.0048e-6
3.7872, 4.0048e-6
3.7936, 4.0048e-6
3.8002, 4.0621e-6
3.8067, 4.062e-6
3.8133, 4.062e-6
3.8197, 4.062e-6
3.8263, 4.062e-6
3.8328, 4.1201e-6
3.8393, 4.1201e-6
3.8458, 4.12e-6
3.8524, 4.12e-6
3.8589, 4.179e-6
3.8654, 4.1789e-6
3.8719, 4.1789e-6
3.8784, 4.1789e-6
3.885, 4.1788e-6
3.8915, 4.2386e-6
3.898, 4.2386e-6
3.9045, 4.2386e-6
3.911, 4.2385e-6
3.9176, 4.2385e-6
3.9241, 4.2992e-6
3.9306, 4.2991e-6
3.9371, 4.2991e-6
3.9436, 4.2991e-6
3.9502, 4.3606e-6
3.9567, 4.3606e-6
3.9632, 4.3605e-6
3.9697, 4.3605e-6
3.9762, 4.3605e-6
3.9827, 4.4229e-6
3.9893, 4.4228e-6
3.9958, 4.4228e-6
