#DataThief /Users/bettyhu/Desktop/Screen Shot 2017-07-07 at 12.30.07 PM.png Friday 7-Jul-2017 3:30:53 PM
1.9973, 3.5414e-5
2.0043, 3.5414e-5
2.0113, 3.5793e-5
2.0182, 3.5792e-5
2.0252, 3.5792e-5
2.0321, 3.6175e-5
2.0391, 3.6175e-5
2.0461, 3.6563e-5
2.053, 3.6562e-5
2.06, 3.6954e-5
2.0669, 3.6954e-5
2.0739, 3.6953e-5
2.0808, 3.7349e-5
2.0878, 3.7349e-5
2.0947, 3.7749e-5
2.1017, 3.7748e-5
2.1086, 3.8153e-5
2.1156, 3.8152e-5
2.1226, 3.8152e-5
2.1295, 3.8561e-5
2.1365, 3.856e-5
2.1434, 3.856e-5
2.1504, 3.8973e-5
2.1573, 3.8973e-5
2.1643, 3.8972e-5
2.1712, 3.939e-5
2.1782, 3.939e-5
2.1852, 3.9389e-5
2.1921, 3.9811e-5
2.1991, 3.9811e-5
2.206, 3.9811e-5
2.213, 4.0237e-5
2.2199, 4.0236e-5
2.2269, 4.0236e-5
2.2338, 4.0667e-5
2.2408, 4.0667e-5
2.2478, 4.0667e-5
2.2547, 4.1102e-5
2.2617, 4.1102e-5
2.2686, 4.1101e-5
2.2756, 4.1101e-5
2.2825, 4.1541e-5
2.2894, 4.1541e-5
2.2965, 4.1541e-5
2.3034, 4.154e-5
2.3104, 4.1985e-5
2.3173, 4.1985e-5
2.3243, 4.1985e-5
2.3312, 4.2434e-5
2.3382, 4.2434e-5
2.3451, 4.2434e-5
2.3521, 4.2433e-5
2.3591, 4.2888e-5
2.366, 4.2888e-5
2.373, 4.2887e-5
2.3799, 4.3346e-5
2.3869, 4.3346e-5
2.3938, 4.3346e-5
2.4008, 4.3346e-5
2.4077, 4.381e-5
2.4147, 4.3809e-5
2.4217, 4.3809e-5
2.4285, 4.3809e-5
2.4356, 4.4278e-5
2.4425, 4.4278e-5
2.4495, 4.4277e-5
2.4564, 4.4277e-5
2.4634, 4.4751e-5
2.4703, 4.4751e-5
2.4773, 4.4751e-5
2.4843, 4.523e-5
2.4912, 4.523e-5
2.4982, 4.5229e-5
2.5051, 4.5229e-5
2.5121, 4.5713e-5
2.519, 4.5713e-5
2.526, 4.5713e-5
2.533, 4.5712e-5
2.5399, 4.6202e-5
2.5469, 4.6201e-5
2.5537, 4.6201e-5
2.5608, 4.6201e-5
2.5676, 4.6696e-5
2.5747, 4.6695e-5
2.5816, 4.6695e-5
2.5886, 4.7195e-5
2.5956, 4.7195e-5
2.6025, 4.7194e-5
2.6095, 4.7194e-5
2.6164, 4.7699e-5
2.6234, 4.7699e-5
2.6303, 4.7699e-5
2.6373, 4.7698e-5
2.6442, 4.8209e-5
2.6512, 4.8209e-5
2.6582, 4.8209e-5
2.6651, 4.8208e-5
2.6721, 4.8724e-5
2.679, 4.8724e-5
2.686, 4.8724e-5
2.6928, 4.8724e-5
2.6999, 4.9245e-5
2.7067, 4.9245e-5
2.7138, 4.9245e-5
2.7208, 4.9244e-5
2.7277, 4.9772e-5
2.7347, 4.9771e-5
2.7416, 4.9771e-5
2.7486, 4.9771e-5
2.7555, 5.0304e-5
2.7625, 5.0303e-5
2.7694, 5.0303e-5
2.7764, 5.0303e-5
2.7833, 5.0302e-5
2.7903, 5.0841e-5
2.7973, 5.0841e-5
2.8042, 5.084e-5
2.8112, 5.084e-5
2.8181, 5.084e-5
2.8251, 5.1384e-5
2.8321, 5.1384e-5
2.839, 5.1383e-5
2.846, 5.1933e-5
2.8529, 5.1933e-5
2.8599, 5.1933e-5
2.8668, 5.1932e-5
2.8738, 5.1932e-5
2.8807, 5.2488e-5
2.8877, 5.2488e-5
2.8947, 5.2488e-5
2.9016, 5.2487e-5
2.9085, 5.3049e-5
2.9155, 5.3049e-5
2.9224, 5.3049e-5
2.9294, 5.3048e-5
2.9364, 5.3616e-5
2.9433, 5.3616e-5
2.9503, 5.3615e-5
2.9573, 5.3615e-5
2.9642, 5.4189e-5
2.9712, 5.4189e-5
2.9781, 5.4189e-5
2.9851, 5.4188e-5
2.992, 5.4188e-5
2.999, 5.4768e-5
3.0059, 5.4768e-5
3.0129, 5.4767e-5
3.0199, 5.4767e-5
3.0268, 5.5353e-5
3.0338, 5.5353e-5
3.0407, 5.5353e-5
3.0477, 5.5352e-5
3.0546, 5.5945e-5
3.0616, 5.5945e-5
3.0686, 5.5944e-5
3.0755, 5.5944e-5
3.0825, 5.5944e-5
3.0894, 5.5943e-5
3.0964, 5.6542e-5
3.1033, 5.6542e-5
3.1103, 5.6542e-5
3.1172, 5.7147e-5
3.1242, 5.7147e-5
3.1312, 5.7146e-5
3.1381, 5.7146e-5
3.1451, 5.7146e-5
3.152, 5.7757e-5
3.159, 5.7757e-5
3.1659, 5.7757e-5
3.1729, 5.7756e-5
3.1798, 5.7756e-5
3.1868, 5.8374e-5
3.1938, 5.8374e-5
3.2006, 5.8374e-5
3.2077, 5.8373e-5
3.2146, 5.8998e-5
3.2216, 5.8998e-5
3.2285, 5.8997e-5
3.2355, 5.8997e-5
3.2424, 5.9629e-5
3.2494, 5.9628e-5
3.2564, 5.9628e-5
3.2633, 5.9628e-5
3.2703, 5.9627e-5
3.2772, 6.0266e-5
3.2842, 6.0265e-5
3.2911, 6.0265e-5
3.2981, 6.0265e-5
3.3051, 6.091e-5
3.312, 6.0909e-5
3.319, 6.1562e-5
3.3259, 6.1561e-5
3.3329, 6.1561e-5
3.3397, 6.156e-5
3.3468, 6.222e-5
3.3537, 6.2219e-5
3.3607, 6.2219e-5
3.3677, 6.2885e-5
3.3746, 6.2885e-5
3.3816, 6.2884e-5
3.3885, 6.3557e-5
3.3955, 6.3557e-5
3.4024, 6.3557e-5
3.4094, 6.3556e-5
3.4163, 6.3556e-5
3.4233, 6.4236e-5
3.4303, 6.4236e-5
3.4372, 6.4236e-5
3.4442, 6.4235e-5
3.4511, 6.4235e-5
3.4581, 6.4923e-5
3.465, 6.4922e-5
3.472, 6.4922e-5
3.4788, 6.4921e-5
3.4859, 6.4921e-5
3.4929, 6.5616e-5
3.4998, 6.5616e-5
3.5068, 6.5615e-5
3.5137, 6.5615e-5
3.5207, 6.5614e-5
3.5276, 6.6317e-5
3.5346, 6.6317e-5
3.5415, 6.6316e-5
3.5485, 6.6316e-5
3.5554, 6.6315e-5
3.5624, 6.6315e-5
3.5694, 6.7025e-5
3.5763, 6.7024e-5
3.5833, 6.7024e-5
3.5901, 6.7024e-5
3.5972, 6.7023e-5
3.6042, 6.7741e-5
3.6111, 6.774e-5
3.6181, 6.774e-5
3.625, 6.774e-5
3.632, 6.7739e-5
3.6389, 6.7739e-5
3.6459, 6.8464e-5
3.6528, 6.8464e-5
3.6598, 6.8463e-5
3.6667, 6.8463e-5
3.6737, 6.8462e-5
3.6806, 6.8462e-5
3.6876, 6.9195e-5
3.6945, 6.9194e-5
3.7015, 6.9194e-5
3.7085, 6.9194e-5
3.7155, 6.9193e-5
3.7224, 6.9934e-5
3.7294, 6.9934e-5
3.7363, 6.9933e-5
3.7433, 6.9933e-5
3.7502, 6.9932e-5
3.7572, 6.9932e-5
3.7641, 6.9931e-5
3.7711, 6.9931e-5
3.7781, 7.068e-5
3.785, 7.0679e-5
3.792, 7.0679e-5
3.7989, 7.0678e-5
3.8058, 7.0678e-5
3.8128, 7.0678e-5
3.8197, 7.1434e-5
3.8268, 7.1434e-5
3.8336, 7.1433e-5
3.8407, 7.1433e-5
3.8476, 7.1433e-5
3.8546, 7.1432e-5
3.8615, 7.2197e-5
3.8685, 7.2196e-5
3.8754, 7.2196e-5
3.8824, 7.2196e-5
3.8894, 7.2195e-5
3.8963, 7.2195e-5
3.9033, 7.2194e-5
3.9102, 7.2967e-5
3.9172, 7.2967e-5
3.9241, 7.2966e-5
3.9311, 7.2966e-5
3.9381, 7.2965e-5
3.9449, 7.2965e-5
3.952, 7.3746e-5
3.9588, 7.3746e-5
3.9659, 7.3745e-5
3.9727, 7.3745e-5
3.9798, 7.3744e-5
3.9867, 7.3744e-5
3.9937, 7.3743e-5
4.0007, 7.3743e-5
4.0076, 7.4533e-5
4.0146, 7.4532e-5
4.0215, 7.4532e-5
4.0285, 7.4531e-5
4.0354, 7.4531e-5
4.0424, 7.453e-5
4.0493, 7.5328e-5
4.0563, 7.5328e-5
4.0633, 7.5327e-5
4.0702, 7.5327e-5
4.0772, 7.5326e-5
4.0841, 7.5326e-5
4.0911, 7.5325e-5
4.098, 7.6132e-5
4.105, 7.6131e-5
4.112, 7.6131e-5
4.1189, 7.613e-5
4.1259, 7.613e-5
4.1328, 7.613e-5
4.1398, 7.6945e-5
4.1467, 7.6944e-5
4.1537, 7.6944e-5
4.1606, 7.6943e-5
4.1676, 7.6943e-5
4.1746, 7.6942e-5
4.1815, 7.6942e-5
4.1885, 7.7766e-5
4.1954, 7.7765e-5
4.2024, 7.7765e-5
4.2093, 7.7764e-5
4.2163, 7.7764e-5
4.2233, 7.7763e-5
4.2302, 7.7763e-5
4.2372, 7.7762e-5
4.2441, 7.8595e-5
4.2511, 7.8594e-5
4.258, 7.8594e-5
4.265, 7.8593e-5
4.2719, 7.8593e-5
4.2789, 7.8592e-5
4.2859, 7.9434e-5
4.2928, 7.9433e-5
4.2998, 7.9433e-5
4.3067, 7.9432e-5
4.3136, 7.9432e-5
4.3206, 7.9431e-5
4.3276, 7.9431e-5
4.3346, 7.943e-5
4.3415, 8.0281e-5
4.3485, 8.028e-5
4.3554, 8.028e-5
4.3624, 8.0279e-5
4.3693, 8.0279e-5
4.3763, 8.0278e-5
4.3832, 8.0278e-5
4.3902, 8.0277e-5
4.3972, 8.1137e-5
4.4041, 8.1136e-5
4.4111, 8.1136e-5
4.418, 8.1135e-5
4.425, 8.1135e-5
4.4319, 8.1134e-5
4.4389, 8.1134e-5
4.4458, 8.2003e-5
4.4527, 8.2002e-5
4.4598, 8.2002e-5
4.4667, 8.2001e-5
4.4737, 8.2001e-5
4.4806, 8.2e-5
4.4876, 8.2878e-5
4.4945, 8.2877e-5
4.5015, 8.2877e-5
4.5085, 8.2876e-5
4.5154, 8.2876e-5
4.5224, 8.2875e-5
4.5293, 8.2875e-5
4.5363, 8.3762e-5
4.5432, 8.3762e-5
4.5502, 8.3761e-5
4.5571, 8.3761e-5
4.5641, 8.376e-5
4.5711, 8.376e-5
4.5779, 8.3759e-5
4.585, 8.3759e-5
4.5918, 8.4655e-5
4.5989, 8.4655e-5
4.6058, 8.4654e-5
4.6128, 8.4654e-5
4.6198, 8.4653e-5
4.6267, 8.556e-5
4.6337, 8.5559e-5
4.6406, 8.5559e-5
4.6476, 8.5558e-5
4.6545, 8.5558e-5
4.6615, 8.6474e-5
4.6684, 8.6473e-5
4.6754, 8.6472e-5
4.6824, 8.6472e-5
4.6893, 8.6471e-5
4.6963, 8.7397e-5
4.7032, 8.7397e-5
4.7102, 8.7396e-5
4.717, 8.7396e-5
4.7241, 8.7395e-5
4.7309, 8.7395e-5
4.738, 8.833e-5
4.745, 8.833e-5
4.7519, 8.8329e-5
4.7589, 8.8329e-5
4.7658, 8.8328e-5
4.7728, 8.9274e-5
4.7797, 8.9273e-5
4.7867, 8.9273e-5
4.7936, 8.9272e-5
4.8006, 8.9272e-5
4.8075, 8.9271e-5
4.8145, 9.0227e-5
4.8215, 9.0226e-5
4.8284, 9.0226e-5
4.8354, 9.0225e-5
4.8423, 9.0225e-5
4.8493, 9.0224e-5
4.8563, 9.119e-5
4.8632, 9.1189e-5
4.8702, 9.1189e-5
4.8771, 9.1188e-5
4.8841, 9.1188e-5
4.891, 9.2164e-5
4.898, 9.2164e-5
4.9049, 9.2163e-5
4.9119, 9.2162e-5
4.9189, 9.2162e-5
4.9258, 9.3149e-5
4.9327, 9.3148e-5
4.9397, 9.3147e-5
4.9466, 9.3147e-5
4.9536, 9.3146e-5
4.9606, 9.3146e-5
4.9676, 9.4143e-5
4.9745, 9.4142e-5
4.9815, 9.4142e-5
4.9884, 9.4141e-5
4.9954, 9.4141e-5
