#DataThief /Users/bettyhu/Desktop/Screen Shot 2017-07-09 at 9.14.51 PM.png Sunday 9-Jul-2017 9:25:33 PM
0.9933, 9.6246e-6
1.004, 9.7595e-6
1.0148, 9.8963e-6
1.0256, 9.8964e-6
1.0363, 9.8964e-6
1.0471, 9.8965e-6
1.0578, 1.0035e-5
1.0686, 1.0176e-5
1.0793, 1.0176e-5
1.0901, 1.0319e-5
1.1009, 1.0319e-5
1.1116, 1.0463e-5
1.1224, 1.061e-5
1.1331, 1.061e-5
1.1439, 1.0759e-5
1.1546, 1.091e-5
1.1654, 1.091e-5
1.1761, 1.1063e-5
1.1869, 1.1063e-5
1.1977, 1.1218e-5
1.2084, 1.1375e-5
1.2192, 1.1375e-5
1.2299, 1.1535e-5
1.2407, 1.1535e-5
1.2514, 1.1696e-5
1.2622, 1.186e-5
1.2729, 1.186e-5
1.2837, 1.2027e-5
1.2945, 1.2195e-5
1.3052, 1.2195e-5
1.316, 1.2366e-5
1.3267, 1.254e-5
1.3375, 1.254e-5
1.3482, 1.2716e-5
1.359, 1.2716e-5
1.3697, 1.2894e-5
1.3805, 1.3075e-5
1.3913, 1.3075e-5
1.402, 1.3258e-5
1.4128, 1.3444e-5
1.4235, 1.3444e-5
1.4343, 1.3632e-5
1.445, 1.3633e-5
1.4558, 1.3824e-5
1.4666, 1.4017e-5
1.4773, 1.4017e-5
1.4881, 1.4214e-5
1.4988, 1.4413e-5
1.5096, 1.4413e-5
1.5203, 1.4615e-5
1.5311, 1.4615e-5
1.5417, 1.482e-5
1.5526, 1.5028e-5
1.5634, 1.5028e-5
1.5741, 1.5239e-5
1.5849, 1.5452e-5
1.5956, 1.5453e-5
1.6064, 1.5669e-5
1.6171, 1.5669e-5
1.6279, 1.5889e-5
1.6385, 1.6112e-5
1.6494, 1.6112e-5
1.6602, 1.6338e-5
1.6709, 1.6338e-5
1.6817, 1.6567e-5
1.6924, 1.6799e-5
1.7032, 1.6799e-5
1.7139, 1.7035e-5
1.7247, 1.7035e-5
1.7355, 1.7274e-5
1.7462, 1.7274e-5
1.757, 1.7516e-5
1.7677, 1.7516e-5
1.7785, 1.7762e-5
1.7892, 1.7762e-5
1.8, 1.8011e-5
1.8107, 1.8263e-5
1.8215, 1.8263e-5
1.8323, 1.8519e-5
1.843, 1.8519e-5
1.8538, 1.8779e-5
1.8645, 1.8779e-5
1.8753, 1.9042e-5
1.886, 1.9042e-5
1.8968, 1.9309e-5
1.9076, 1.931e-5
1.9183, 1.958e-5
1.9291, 1.958e-5
1.9398, 1.9855e-5
1.9506, 1.9855e-5
1.9613, 2.0133e-5
1.9721, 2.0133e-5
1.9828, 2.0416e-5
1.9936, 2.0416e-5
2.0044, 2.0702e-5
2.0151, 2.0702e-5
2.0259, 2.0992e-5
2.0366, 2.0993e-5
2.0474, 2.1287e-5
2.0581, 2.1287e-5
2.0689, 2.1585e-5
2.0796, 2.1586e-5
2.0904, 2.1586e-5
2.1012, 2.1888e-5
2.1118, 2.1888e-5
2.1227, 2.2195e-5
2.1334, 2.2195e-5
2.1442, 2.2507e-5
2.155, 2.2507e-5
2.1657, 2.2507e-5
2.1764, 2.2822e-5
2.1872, 2.2823e-5
2.198, 2.3142e-5
2.2086, 2.3143e-5
2.2195, 2.3143e-5
2.2303, 2.3467e-5
2.241, 2.3467e-5
2.2518, 2.3796e-5
2.2625, 2.3797e-5
2.2732, 2.3797e-5
2.284, 2.413e-5
2.2948, 2.4131e-5
2.3056, 2.4131e-5
2.3163, 2.4469e-5
2.3271, 2.4469e-5
2.3378, 2.4812e-5
2.3486, 2.4812e-5
2.3593, 2.4812e-5
2.37, 2.516e-5
2.3808, 2.5161e-5
2.3916, 2.5161e-5
2.4024, 2.5513e-5
2.4131, 2.5514e-5
2.4239, 2.5514e-5
2.4346, 2.5871e-5
2.4454, 2.5872e-5
2.4562, 2.5872e-5
2.4668, 2.6234e-5
2.4777, 2.6235e-5
2.4884, 2.6235e-5
2.4992, 2.6603e-5
2.5099, 2.6603e-5
2.5207, 2.6603e-5
2.5314, 2.6976e-5
2.5422, 2.6976e-5
2.553, 2.6976e-5
2.5636, 2.7354e-5
2.5745, 2.7355e-5
2.5852, 2.7355e-5
2.596, 2.7355e-5
2.6067, 2.7739e-5
2.6175, 2.7739e-5
2.6282, 2.7739e-5
2.639, 2.8128e-5
2.6498, 2.8128e-5
2.6604, 2.8128e-5
2.6713, 2.8523e-5
2.6821, 2.8523e-5
2.6928, 2.8523e-5
2.7036, 2.8923e-5
2.7143, 2.8923e-5
2.725, 2.8923e-5
2.7358, 2.9329e-5
2.7466, 2.9329e-5
2.7574, 2.9329e-5
2.7681, 2.9329e-5
2.7789, 2.974e-5
2.7896, 2.9741e-5
2.8004, 2.9741e-5
2.8111, 3.0158e-5
2.8218, 3.0158e-5
2.8327, 3.0158e-5
2.8434, 3.0158e-5
2.8542, 3.0581e-5
2.8649, 3.0581e-5
2.8757, 3.0582e-5
2.8864, 3.101e-5
2.8972, 3.1011e-5
2.908, 3.1011e-5
2.9186, 3.1446e-5
2.9295, 3.1446e-5
2.9402, 3.1446e-5
2.951, 3.1446e-5
2.9617, 3.1887e-5
2.9725, 3.1887e-5
2.9832, 3.1887e-5
2.994, 3.1888e-5
3.0048, 3.2335e-5
3.0155, 3.2335e-5
3.0263, 3.2335e-5
3.037, 3.2788e-5
3.0478, 3.2789e-5
3.0586, 3.2789e-5
3.0693, 3.3249e-5
3.0801, 3.3249e-5
3.0908, 3.3249e-5
3.1016, 3.3249e-5
3.1123, 3.3715e-5
3.1231, 3.3716e-5
3.1339, 3.3716e-5
3.1446, 3.4189e-5
3.1554, 3.4189e-5
3.1661, 3.4189e-5
3.1769, 3.4189e-5
3.1876, 3.4669e-5
3.1984, 3.4669e-5
3.2092, 3.4669e-5
3.2199, 3.5155e-5
3.2307, 3.5155e-5
3.2414, 3.5156e-5
3.2522, 3.5156e-5
3.2629, 3.5649e-5
3.2737, 3.5649e-5
3.2845, 3.5649e-5
3.2952, 3.5649e-5
3.306, 3.6149e-5
3.3167, 3.6149e-5
3.3275, 3.615e-5
3.3382, 3.615e-5
3.349, 3.6657e-5
3.3598, 3.6657e-5
3.3705, 3.6657e-5
3.3813, 3.6658e-5
3.392, 3.7171e-5
3.4028, 3.7172e-5
3.4135, 3.7172e-5
3.4243, 3.7172e-5
3.4351, 3.7693e-5
3.4458, 3.7694e-5
3.4566, 3.7694e-5
3.4673, 3.7694e-5
3.4781, 3.8223e-5
3.4888, 3.8223e-5
3.4996, 3.8223e-5
3.5104, 3.8759e-5
3.5211, 3.8759e-5
3.5319, 3.876e-5
3.5426, 3.876e-5
3.5534, 3.876e-5
3.5642, 3.876e-5
3.5749, 3.9304e-5
3.5857, 3.9304e-5
3.5964, 3.9304e-5
3.6072, 3.9305e-5
3.6179, 3.9305e-5
3.6287, 3.9856e-5
3.6395, 3.9856e-5
3.6502, 3.9856e-5
3.661, 3.9857e-5
3.6717, 4.0415e-5
3.6825, 4.0416e-5
3.6932, 4.0416e-5
3.704, 4.0416e-5
3.7147, 4.0417e-5
3.7255, 4.0983e-5
3.7363, 4.0984e-5
3.7469, 4.0984e-5
3.7578, 4.1558e-5
3.7685, 4.1559e-5
3.7793, 4.1559e-5
3.7901, 4.1559e-5
3.8008, 4.156e-5
3.8115, 4.2142e-5
3.8223, 4.2142e-5
3.8331, 4.2143e-5
3.8439, 4.2143e-5
3.8546, 4.2734e-5
3.8654, 4.2734e-5
3.8761, 4.2734e-5
3.8869, 4.2735e-5
3.8976, 4.2735e-5
3.9083, 4.3334e-5
3.9192, 4.3334e-5
3.9299, 4.3335e-5
3.9407, 4.3335e-5
3.9514, 4.3335e-5
3.9622, 4.3943e-5
3.9729, 4.3943e-5
3.9837, 4.3944e-5
3.9945, 4.3944e-5
4.0052, 4.3944e-5
4.016, 4.456e-5
4.0267, 4.4561e-5
4.0375, 4.4561e-5
4.0482, 4.4561e-5
4.059, 4.5186e-5
4.0698, 4.5186e-5
4.0805, 4.5187e-5
4.0913, 4.5187e-5
4.102, 4.5187e-5
4.1128, 4.5821e-5
4.1235, 4.5821e-5
4.1343, 4.5821e-5
4.1451, 4.5822e-5
4.1558, 4.5822e-5
4.1666, 4.6464e-5
4.1773, 4.6465e-5
4.1881, 4.6465e-5
4.1989, 4.6465e-5
4.2096, 4.7117e-5
4.2204, 4.7117e-5
4.2311, 4.7117e-5
4.2419, 4.7118e-5
4.2526, 4.7118e-5
4.2634, 4.7779e-5
4.2742, 4.7779e-5
4.2849, 4.7779e-5
4.2957, 4.778e-5
4.3064, 4.778e-5
4.3172, 4.845e-5
4.3279, 4.845e-5
4.3387, 4.8451e-5
4.3495, 4.8451e-5
4.3602, 4.8451e-5
4.371, 4.913e-5
4.3817, 4.9131e-5
4.3925, 4.9131e-5
4.4032, 4.9132e-5
4.414, 4.982e-5
4.4248, 4.9821e-5
4.4355, 4.9821e-5
4.4463, 4.9821e-5
4.457, 4.9822e-5
4.4678, 4.9822e-5
4.4786, 4.9823e-5
4.4893, 5.0521e-5
4.5001, 5.0521e-5
4.5108, 5.0522e-5
4.5215, 5.0522e-5
4.5323, 5.0522e-5
4.5431, 5.1231e-5
4.5539, 5.1231e-5
4.5646, 5.1231e-5
4.5754, 5.1232e-5
4.5861, 5.1232e-5
4.5969, 5.1233e-5
4.6076, 5.1951e-5
4.6183, 5.1951e-5
4.6292, 5.1951e-5
4.6399, 5.1952e-5
4.6507, 5.1952e-5
4.6614, 5.1953e-5
4.6722, 5.2681e-5
4.6829, 5.2681e-5
4.6937, 5.2682e-5
4.7045, 5.2682e-5
4.7151, 5.2682e-5
4.726, 5.3421e-5
4.7367, 5.3421e-5
4.7475, 5.3422e-5
4.7583, 5.3422e-5
4.769, 5.3423e-5
4.7798, 5.3423e-5
4.7905, 5.4172e-5
4.8013, 5.4172e-5
4.812, 5.4173e-5
4.8228, 5.4173e-5
4.8336, 5.4173e-5
4.8443, 5.4933e-5
4.8551, 5.4933e-5
4.8658, 5.4934e-5
4.8766, 5.4934e-5
4.8873, 5.4934e-5
4.8981, 5.4935e-5
4.9089, 5.5705e-5
4.9196, 5.5705e-5
4.9304, 5.5706e-5
4.9411, 5.5706e-5
4.9519, 5.5707e-5
4.9626, 5.6488e-5
4.9734, 5.6488e-5
4.9842, 5.6488e-5
4.9949, 5.6489e-5
5.0057, 5.6489e-5
5.0164, 5.7281e-5
5.0272, 5.7281e-5
5.038, 5.7282e-5
5.0487, 5.7282e-5
5.0594, 5.7283e-5
5.0702, 5.7283e-5
5.081, 5.7284e-5
5.0917, 5.8087e-5
5.1025, 5.8087e-5
5.1133, 5.8087e-5
5.124, 5.8088e-5
5.1348, 5.8088e-5
5.1455, 5.8089e-5
5.1562, 5.8903e-5
5.167, 5.8904e-5
5.1778, 5.8904e-5
5.1886, 5.8904e-5
5.1993, 5.8905e-5
5.2101, 5.8905e-5
5.2208, 5.9731e-5
5.2316, 5.9731e-5
5.2424, 5.9732e-5
5.253, 5.9732e-5
5.2639, 5.9733e-5
5.2746, 5.9733e-5
5.2854, 5.9734e-5
5.2961, 6.0571e-5
5.3069, 6.0571e-5
5.3176, 6.0572e-5
5.3284, 6.0572e-5
5.3392, 6.0573e-5
5.3498, 6.0573e-5
5.3607, 6.1422e-5
5.3714, 6.1423e-5
5.3822, 6.1423e-5
5.393, 6.1424e-5
5.4037, 6.1424e-5
5.4144, 6.1425e-5
5.4252, 6.2286e-5
5.436, 6.2286e-5
5.4466, 6.2287e-5
5.4575, 6.2287e-5
5.4683, 6.2288e-5
5.479, 6.2288e-5
5.4898, 6.2288e-5
5.5005, 6.3162e-5
5.5112, 6.3162e-5
5.5221, 6.3163e-5
5.5328, 6.3163e-5
5.5436, 6.3164e-5
5.5543, 6.3164e-5
5.5651, 6.4049e-5
5.5758, 6.405e-5
5.5866, 6.405e-5
5.5974, 6.4051e-5
5.608, 6.4051e-5
5.6189, 6.4052e-5
5.6296, 6.4052e-5
5.6404, 6.495e-5
5.6511, 6.4951e-5
5.6619, 6.4951e-5
5.6726, 6.4952e-5
5.6834, 6.4952e-5
5.6942, 6.4953e-5
5.7048, 6.5863e-5
5.7157, 6.5864e-5
5.7265, 6.5864e-5
5.7372, 6.5865e-5
5.748, 6.5865e-5
5.7587, 6.5866e-5
5.7694, 6.5866e-5
5.7802, 6.6789e-5
5.791, 6.679e-5
5.8018, 6.679e-5
5.8125, 6.6791e-5
5.8233, 6.6791e-5
5.834, 6.6792e-5
5.8448, 6.6792e-5
5.8555, 6.7729e-5
5.8662, 6.7729e-5
5.8771, 6.773e-5
5.8878, 6.773e-5
5.8986, 6.7731e-5
5.9093, 6.7731e-5
5.9201, 6.8681e-5
5.9308, 6.8681e-5
5.9416, 6.8682e-5
5.9524, 6.8682e-5
5.963, 6.8683e-5
5.9739, 6.8683e-5
5.9846, 6.8684e-5
5.9954, 6.9646e-5
6.0062, 6.9647e-5
