#DataThief /Users/bettyhu/Desktop/Screen Shot 2017-07-09 at 9.14.51 PM.png Sunday 9-Jul-2017 9:29:16 PM
0.9936, 3.7892e-6
1.0043, 3.7892e-6
1.0151, 3.8423e-6
1.0258, 3.8424e-6
1.0366, 3.8962e-6
1.0473, 3.9509e-6
1.0581, 3.9509e-6
1.0689, 4.0063e-6
1.0796, 4.0063e-6
1.0904, 4.0625e-6
1.1011, 4.1194e-6
1.1118, 4.1194e-6
1.1226, 4.1772e-6
1.1334, 4.2357e-6
1.1441, 4.2358e-6
1.1549, 4.2951e-6
1.1657, 4.2952e-6
1.1764, 4.3554e-6
1.1872, 4.4164e-6
1.1979, 4.4165e-6
1.2086, 4.4784e-6
1.2194, 4.4784e-6
1.2302, 4.5412e-6
1.2409, 4.6048e-6
1.2517, 4.6049e-6
1.2625, 4.6694e-6
1.2732, 4.7349e-6
1.284, 4.7349e-6
1.2947, 4.8013e-6
1.3054, 4.8013e-6
1.3162, 4.8686e-6
1.327, 4.9369e-6
1.3378, 4.9369e-6
1.3485, 5.0061e-6
1.3593, 5.0062e-6
1.37, 5.0763e-6
1.3808, 5.1475e-6
1.3915, 5.1475e-6
1.4022, 5.2197e-6
1.413, 5.2929e-6
1.4238, 5.2929e-6
1.4346, 5.3671e-6
1.4453, 5.3671e-6
1.4561, 5.4424e-6
1.4668, 5.5187e-6
1.4776, 5.5187e-6
1.4883, 5.5961e-6
1.499, 5.6745e-6
1.5098, 5.6745e-6
1.5206, 5.7541e-6
1.5314, 5.7541e-6
1.5421, 5.8348e-6
1.5529, 5.9166e-6
1.5636, 5.9166e-6
1.5744, 5.9996e-6
1.5851, 5.9996e-6
1.5958, 6.0837e-6
1.6066, 6.169e-6
1.6174, 6.169e-6
1.6282, 6.2555e-6
1.6389, 6.3432e-6
1.6497, 6.3432e-6
1.6604, 6.4322e-6
1.6712, 6.4322e-6
1.6819, 6.5224e-6
1.6926, 6.6138e-6
1.7035, 6.6138e-6
1.7142, 6.7066e-6
1.725, 6.7066e-6
1.7357, 6.8006e-6
1.7465, 6.8959e-6
1.7572, 6.896e-6
1.768, 6.9927e-6
1.7787, 6.9927e-6
1.7894, 7.0907e-6
1.8003, 7.0908e-6
1.811, 7.1902e-6
1.8218, 7.1902e-6
1.8325, 7.291e-6
1.8433, 7.2911e-6
1.854, 7.3933e-6
1.8648, 7.4969e-6
1.8756, 7.497e-6
1.8862, 7.6021e-6
1.8971, 7.6021e-6
1.9078, 7.7087e-6
1.9186, 7.7088e-6
1.9293, 7.8168e-6
1.9401, 7.8169e-6
1.9508, 7.9265e-6
1.9616, 7.9265e-6
1.9724, 7.9266e-6
1.983, 8.0377e-6
1.9939, 8.0377e-6
2.0046, 8.1504e-6
2.0154, 8.1505e-6
2.0261, 8.2647e-6
2.0369, 8.2648e-6
2.0477, 8.3806e-6
2.0584, 8.3807e-6
2.0692, 8.4982e-6
2.0799, 8.4982e-6
2.0907, 8.6174e-6
2.1014, 8.6174e-6
2.1122, 8.6175e-6
2.123, 8.7383e-6
2.1337, 8.7384e-6
2.1445, 8.8609e-6
2.1552, 8.8609e-6
2.166, 8.9851e-6
2.1767, 8.9852e-6
2.1875, 8.9853e-6
2.1983, 9.1112e-6
2.209, 9.1113e-6
2.2198, 9.239e-6
2.2305, 9.2391e-6
2.2413, 9.2391e-6
2.252, 9.3687e-6
2.2628, 9.3687e-6
2.2735, 9.5001e-6
2.2843, 9.5001e-6
2.2951, 9.5002e-6
2.3058, 9.6334e-6
2.3166, 9.6334e-6
2.3273, 9.6335e-6
2.3381, 9.7686e-6
2.3489, 9.7686e-6
2.3596, 9.7687e-6
2.3704, 9.9056e-6
2.3811, 9.9057e-6
2.3919, 9.9058e-6
2.4026, 1.0045e-5
2.4134, 1.0045e-5
2.4242, 1.0045e-5
2.4349, 1.0186e-5
2.4457, 1.0186e-5
2.4564, 1.0186e-5
2.4672, 1.0329e-5
2.4779, 1.0329e-5
2.4887, 1.0329e-5
2.4994, 1.0473e-5
2.5102, 1.0474e-5
2.521, 1.0474e-5
2.5316, 1.062e-5
2.5425, 1.0621e-5
2.5532, 1.0621e-5
2.564, 1.0769e-5
2.5747, 1.077e-5
2.5855, 1.077e-5
2.5963, 1.0921e-5
2.607, 1.0921e-5
2.6178, 1.0921e-5
2.6284, 1.1074e-5
2.6393, 1.1074e-5
2.6501, 1.1074e-5
2.6608, 1.1074e-5
2.6716, 1.1229e-5
2.6823, 1.1229e-5
2.6931, 1.123e-5
2.7038, 1.1387e-5
2.7146, 1.1387e-5
2.7254, 1.1387e-5
2.7361, 1.1547e-5
2.7469, 1.1547e-5
2.7576, 1.1547e-5
2.7684, 1.1547e-5
2.7791, 1.1709e-5
2.7899, 1.1709e-5
2.8007, 1.1709e-5
2.8114, 1.1873e-5
2.8222, 1.1873e-5
2.8329, 1.1873e-5
2.8437, 1.204e-5
2.8544, 1.204e-5
2.8652, 1.204e-5
2.876, 1.204e-5
2.8867, 1.2209e-5
2.8975, 1.2209e-5
2.9082, 1.2209e-5
2.919, 1.238e-5
2.9297, 1.238e-5
2.9405, 1.238e-5
2.9513, 1.2554e-5
2.962, 1.2554e-5
2.9727, 1.2554e-5
2.9835, 1.2554e-5
2.9943, 1.273e-5
3.005, 1.273e-5
3.0158, 1.273e-5
3.0266, 1.2909e-5
3.0373, 1.2909e-5
3.0481, 1.2909e-5
3.0588, 1.2909e-5
3.0695, 1.309e-5
3.0803, 1.309e-5
3.0911, 1.309e-5
3.1019, 1.309e-5
3.1126, 1.3274e-5
3.1234, 1.3274e-5
3.1341, 1.3274e-5
3.1449, 1.3274e-5
3.1556, 1.346e-5
3.1663, 1.346e-5
3.1772, 1.346e-5
3.1879, 1.3649e-5
3.1987, 1.3649e-5
3.2094, 1.3649e-5
3.2202, 1.3649e-5
3.2309, 1.3841e-5
3.2417, 1.3841e-5
3.2525, 1.3841e-5
3.2631, 1.4035e-5
3.274, 1.4035e-5
3.2847, 1.4035e-5
3.2955, 1.4035e-5
3.3062, 1.4232e-5
3.317, 1.4232e-5
3.3277, 1.4232e-5
3.3385, 1.4232e-5
3.3493, 1.4432e-5
3.3599, 1.4432e-5
3.3708, 1.4432e-5
3.3815, 1.4432e-5
3.3923, 1.4634e-5
3.4031, 1.4635e-5
3.4138, 1.4635e-5
3.4245, 1.4635e-5
3.4353, 1.484e-5
3.4461, 1.484e-5
3.4569, 1.484e-5
3.4676, 1.484e-5
3.4784, 1.5048e-5
3.4891, 1.5048e-5
3.4999, 1.5048e-5
3.5106, 1.5049e-5
3.5213, 1.526e-5
3.5322, 1.526e-5
3.5429, 1.526e-5
3.5537, 1.526e-5
3.5644, 1.526e-5
3.5752, 1.5474e-5
3.5859, 1.5474e-5
3.5967, 1.5474e-5
3.6075, 1.5474e-5
3.6181, 1.5691e-5
3.629, 1.5691e-5
3.6397, 1.5691e-5
3.6505, 1.5692e-5
3.6612, 1.5911e-5
3.672, 1.5912e-5
3.6827, 1.5912e-5
3.6935, 1.5912e-5
3.7043, 1.5912e-5
3.7149, 1.6135e-5
3.7258, 1.6135e-5
3.7365, 1.6135e-5
3.7473, 1.6135e-5
3.7581, 1.6362e-5
3.7688, 1.6362e-5
3.7795, 1.6362e-5
3.7903, 1.6362e-5
3.8011, 1.6362e-5
3.8117, 1.6591e-5
3.8226, 1.6592e-5
3.8334, 1.6592e-5
3.8441, 1.6592e-5
3.8549, 1.6824e-5
3.8656, 1.6824e-5
3.8763, 1.6825e-5
3.8872, 1.6825e-5
3.8979, 1.6825e-5
3.9087, 1.7061e-5
3.9194, 1.7061e-5
3.9302, 1.7061e-5
3.9409, 1.7061e-5
3.9517, 1.73e-5
3.9625, 1.73e-5
3.9731, 1.73e-5
3.984, 1.7301e-5
3.9947, 1.7301e-5
4.0055, 1.7543e-5
4.0162, 1.7543e-5
4.027, 1.7544e-5
4.0378, 1.7544e-5
4.0485, 1.779e-5
4.0593, 1.779e-5
4.07, 1.779e-5
4.0808, 1.779e-5
4.0915, 1.779e-5
4.1023, 1.8039e-5
4.1131, 1.804e-5
4.1238, 1.804e-5
4.1346, 1.804e-5
4.1453, 1.804e-5
4.1561, 1.8293e-5
4.1668, 1.8293e-5
4.1776, 1.8293e-5
4.1884, 1.8293e-5
4.1991, 1.8293e-5
4.2099, 1.855e-5
4.2206, 1.855e-5
4.2314, 1.855e-5
4.2422, 1.855e-5
4.2529, 1.881e-5
4.2637, 1.881e-5
4.2744, 1.8811e-5
4.2852, 1.8811e-5
4.2959, 1.8811e-5
4.3067, 1.8811e-5
4.3175, 1.9075e-5
4.3282, 1.9075e-5
4.339, 1.9075e-5
4.3497, 1.9075e-5
4.3605, 1.9075e-5
4.3712, 1.9343e-5
4.382, 1.9343e-5
4.3928, 1.9343e-5
4.4035, 1.9343e-5
4.4143, 1.9343e-5
4.425, 1.9614e-5
4.4358, 1.9615e-5
4.4465, 1.9615e-5
4.4573, 1.9615e-5
4.4681, 1.9615e-5
4.4788, 1.9615e-5
4.4896, 1.989e-5
4.5003, 1.989e-5
4.511, 1.989e-5
4.5219, 1.9891e-5
4.5326, 1.9891e-5
4.5434, 2.017e-5
4.5541, 2.017e-5
4.5649, 2.017e-5
4.5756, 2.017e-5
4.5864, 2.017e-5
4.5972, 2.017e-5
4.6078, 2.0453e-5
4.6187, 2.0453e-5
4.6294, 2.0453e-5
4.6402, 2.0453e-5
4.6509, 2.0454e-5
4.6617, 2.074e-5
4.6724, 2.0741e-5
4.6832, 2.0741e-5
4.694, 2.0741e-5
4.7046, 2.0741e-5
4.7155, 2.1032e-5
4.7262, 2.1032e-5
4.737, 2.1032e-5
4.7478, 2.1032e-5
4.7585, 2.1032e-5
4.7692, 2.1033e-5
4.78, 2.1327e-5
4.7908, 2.1327e-5
4.8016, 2.1328e-5
4.8123, 2.1328e-5
4.8231, 2.1328e-5
4.8338, 2.1328e-5
4.8446, 2.1627e-5
4.8553, 2.1627e-5
4.866, 2.1627e-5
4.8769, 2.1628e-5
4.8876, 2.1628e-5
4.8984, 2.1931e-5
4.9091, 2.1931e-5
4.9199, 2.1931e-5
4.9306, 2.1931e-5
4.9414, 2.1932e-5
4.9522, 2.1932e-5
4.9628, 2.2239e-5
4.9737, 2.2239e-5
4.9844, 2.224e-5
4.9952, 2.224e-5
5.006, 2.224e-5
5.0167, 2.224e-5
5.0275, 2.2552e-5
5.0382, 2.2552e-5
5.049, 2.2552e-5
5.0597, 2.2552e-5
5.0705, 2.2552e-5
5.0813, 2.2869e-5
5.092, 2.2869e-5
5.1028, 2.2869e-5
5.1135, 2.2869e-5
5.1243, 2.2869e-5
5.135, 2.2869e-5
5.1458, 2.319e-5
5.1566, 2.319e-5
5.1673, 2.319e-5
5.1781, 2.3191e-5
5.1888, 2.3191e-5
5.1996, 2.3191e-5
5.2103, 2.3516e-5
5.2211, 2.3516e-5
5.2319, 2.3516e-5
5.2426, 2.3516e-5
5.2534, 2.3517e-5
5.2641, 2.3517e-5
5.2749, 2.3846e-5
5.2857, 2.3847e-5
5.2964, 2.3847e-5
5.3072, 2.3847e-5
5.3179, 2.3847e-5
5.3287, 2.3847e-5
5.3394, 2.3848e-5
5.3502, 2.4182e-5
5.361, 2.4182e-5
5.3717, 2.4182e-5
5.3825, 2.4182e-5
5.3932, 2.4183e-5
5.404, 2.4183e-5
5.4148, 2.4183e-5
5.4255, 2.4522e-5
5.4363, 2.4522e-5
5.447, 2.4522e-5
5.4578, 2.4522e-5
5.4685, 2.4523e-5
5.4793, 2.4523e-5
5.4901, 2.4523e-5
5.5008, 2.4867e-5
5.5116, 2.4867e-5
5.5223, 2.4867e-5
5.5331, 2.4867e-5
5.5438, 2.4868e-5
5.5546, 2.4868e-5
5.5654, 2.5216e-5
5.576, 2.5216e-5
5.5869, 2.5217e-5
5.5976, 2.5217e-5
5.6084, 2.5217e-5
5.6191, 2.5217e-5
5.6299, 2.5217e-5
5.6407, 2.5571e-5
5.6514, 2.5571e-5
5.6622, 2.5571e-5
5.6729, 2.5571e-5
5.6837, 2.5572e-5
5.6945, 2.5572e-5
5.7052, 2.593e-5
5.716, 2.5931e-5
5.7267, 2.5931e-5
5.7375, 2.5931e-5
5.7482, 2.5931e-5
5.759, 2.5931e-5
5.7698, 2.5932e-5
5.7805, 2.6295e-5
5.7913, 2.6295e-5
5.802, 2.6295e-5
5.8128, 2.6296e-5
5.8235, 2.6296e-5
5.8343, 2.6296e-5
5.8451, 2.6296e-5
5.8558, 2.6665e-5
5.8666, 2.6665e-5
5.8773, 2.6665e-5
5.8881, 2.6665e-5
5.8989, 2.6666e-5
5.9096, 2.6666e-5
5.9203, 2.6666e-5
5.9311, 2.704e-5
5.9419, 2.704e-5
5.9526, 2.704e-5
5.9634, 2.704e-5
5.9742, 2.7041e-5
5.9849, 2.7041e-5
5.9957, 2.742e-5
6.0064, 2.742e-5
